0.000000 0.433322 6.249557 0.000000 -0.026657 -0.999645 1.000000 -0.000000 0.000000
0.000000 0.433322 6.249557 0.000000 -0.026657 -0.999645 1.000000 -0.000000 0.000000
0.000000 0.433322 6.249557 0.000000 -0.026657 -0.999645 1.000000 -0.000000 0.000000
0.000000 0.433322 6.249557 0.000000 -0.026657 -0.999645 1.000000 -0.000000 0.000000
0.000000 0.433322 6.249557 0.000000 -0.026657 -0.999645 1.000000 -0.000000 0.000000
0.000000 0.433322 6.249557 0.000000 -0.026657 -0.999645 1.000000 -0.000000 0.000000
0.000000 0.433322 6.249557 0.000000 -0.026657 -0.999645 1.000000 -0.000000 0.000000
0.000000 0.433322 6.249557 0.000000 -0.026657 -0.999645 1.000000 -0.000000 0.000000
0.000000 0.433322 6.249557 0.000000 -0.026657 -0.999645 1.000000 -0.000000 0.000000
0.000000 0.433322 6.249557 0.000000 -0.026657 -0.999645 1.000000 -0.000000 0.000000
0.000000 0.433322 6.249557 0.000000 -0.026657 -0.999645 1.000000 -0.000000 0.000000
0.000000 0.426657 5.999645 0.000000 -0.026657 -0.999645 1.000000 -0.000000 0.000000
0.000000 0.419993 5.749734 0.000000 -0.026657 -0.999645 1.000000 -0.000000 0.000000
0.000000 0.413329 5.499823 0.000000 -0.026657 -0.999645 1.000000 -0.000000 0.000000
0.000000 0.406664 5.249911 0.000000 -0.026657 -0.999645 1.000000 -0.000000 0.000000
0.000000 0.400000 5.000000 0.000000 -0.026657 -0.999645 1.000000 -0.000000 0.000000
0.000000 0.393336 4.750089 0.000000 -0.026657 -0.999645 1.000000 -0.000000 0.000000
0.000000 0.386671 4.500177 0.000000 -0.026657 -0.999645 1.000000 -0.000000 0.000000
0.000000 0.380007 4.250266 0.000000 -0.026657 -0.999645 1.000000 -0.000000 0.000000
0.000000 0.380007 4.250266 0.000000 -0.026657 -0.999645 1.000000 -0.000000 0.000000
0.000000 0.380007 4.250266 0.000000 -0.026657 -0.999645 1.000000 -0.000000 0.000000
-0.250000 0.380007 4.250266 0.000000 -0.026657 -0.999645 1.000000 -0.000000 0.000000
-0.500000 0.380007 4.250266 0.000000 -0.026657 -0.999645 1.000000 -0.000000 0.000000
-0.750000 0.380007 4.250266 0.000000 -0.026657 -0.999645 1.000000 -0.000000 0.000000
-1.000000 0.380007 4.250266 0.000000 -0.026657 -0.999645 1.000000 -0.000000 0.000000
-1.250000 0.380007 4.250266 0.000000 -0.026657 -0.999645 1.000000 -0.000000 0.000000
-1.500000 0.380007 4.250266 0.000000 -0.026657 -0.999645 1.000000 -0.000000 0.000000
-1.750000 0.380007 4.250266 0.000000 -0.026657 -0.999645 1.000000 -0.000000 0.000000
-1.750000 0.380007 4.250266 0.000000 -0.026657 -0.999645 1.000000 -0.000000 0.000000
-1.750000 0.380007 4.250266 0.000000 -0.026657 -0.999645 1.000000 -0.000000 0.000000
-1.750000 0.380007 4.250266 0.000000 -0.026657 -0.999645 1.000000 -0.000000 0.000000
-1.500000 0.380007 4.250266 0.000000 -0.026657 -0.999645 1.000000 -0.000000 0.000000
-1.250000 0.380007 4.250266 0.000000 -0.026657 -0.999645 1.000000 -0.000000 0.000000
-1.000000 0.380007 4.250266 0.000000 -0.026657 -0.999645 1.000000 -0.000000 0.000000
-0.750000 0.380007 4.250266 0.000000 -0.026657 -0.999645 1.000000 -0.000000 0.000000
-0.500000 0.380007 4.250266 0.000000 -0.026657 -0.999645 1.000000 -0.000000 0.000000
-0.250000 0.380007 4.250266 0.000000 -0.026657 -0.999645 1.000000 -0.000000 0.000000
0.000000 0.380007 4.250266 0.000000 -0.026657 -0.999645 1.000000 -0.000000 0.000000
0.000000 0.380007 4.250266 0.000000 -0.026657 -0.999645 1.000000 -0.000000 0.000000
0.000000 0.386671 4.500177 0.000000 -0.026657 -0.999645 1.000000 -0.000000 0.000000
0.000000 0.393336 4.750089 0.000000 -0.026657 -0.999645 1.000000 -0.000000 0.000000
0.000000 0.400000 5.000000 0.000000 -0.026657 -0.999645 1.000000 -0.000000 0.000000
0.000000 0.406664 5.249911 0.000000 -0.026657 -0.999645 1.000000 -0.000000 0.000000
0.000000 0.413329 5.499823 0.000000 -0.026657 -0.999645 1.000000 -0.000000 0.000000
0.000000 0.419993 5.749734 0.000000 -0.026657 -0.999645 1.000000 -0.000000 0.000000
0.000000 0.419993 5.749734 0.000000 -0.026657 -0.999645 1.000000 -0.000000 0.000000
0.000000 0.419993 5.749734 0.000000 -0.026657 -0.999645 1.000000 -0.000000 0.000000
0.000000 0.419993 5.749734 0.000000 -0.026657 -0.999645 1.000000 -0.000000 0.000000
0.000000 0.419993 5.749734 0.000000 -0.026657 -0.999645 1.000000 -0.000000 0.000000
0.000000 0.419993 5.749734 0.000000 -0.026657 -0.999645 1.000000 -0.000000 0.000000
0.000000 0.419993 5.749734 0.000000 -0.026657 -0.999645 1.000000 -0.000000 0.000000
0.000000 0.419993 5.749734 0.000000 -0.026657 -0.999645 1.000000 -0.000000 0.000000
0.000000 0.419993 5.749734 0.000000 -0.026657 -0.999645 1.000000 -0.000000 0.000000
0.000000 0.419993 5.749734 0.000000 -0.026657 -0.999645 1.000000 -0.000000 0.000000
0.000000 0.419993 5.749734 0.000000 -0.026657 -0.999645 1.000000 -0.000000 0.000000
0.000000 0.419993 5.749734 0.000000 -0.026657 -0.999645 1.000000 -0.000000 0.000000
0.000000 0.419993 5.749734 0.000000 -0.026657 -0.999645 1.000000 -0.000000 0.000000
0.000000 0.419993 5.749734 0.000000 -0.026657 -0.999645 1.000000 -0.000000 0.000000
0.000000 0.419993 5.749734 0.000000 -0.026657 -0.999645 1.000000 -0.000000 0.000000
0.000000 0.419993 5.749734 0.000000 -0.026657 -0.999645 1.000000 -0.000000 0.000000
0.000000 0.419993 5.749734 0.000000 -0.026657 -0.999645 1.000000 -0.000000 0.000000
0.000000 0.419993 5.749734 0.000000 -0.026657 -0.999645 1.000000 -0.000000 0.000000
0.000000 0.419993 5.749734 0.000000 -0.026657 -0.999645 1.000000 -0.000000 0.000000
0.000000 0.419993 5.749734 0.000000 -0.026657 -0.999645 1.000000 -0.000000 0.000000
0.000000 0.419993 5.749734 0.000000 -0.026657 -0.999645 1.000000 -0.000000 0.000000
-0.250000 0.419993 5.749734 0.000000 -0.026657 -0.999645 1.000000 -0.000000 0.000000
-0.500000 0.419993 5.749734 0.000000 -0.026657 -0.999645 1.000000 -0.000000 0.000000
-0.750000 0.419993 5.749734 0.000000 -0.026657 -0.999645 1.000000 -0.000000 0.000000
-1.000000 0.419993 5.749734 0.000000 -0.026657 -0.999645 1.000000 -0.000000 0.000000
-1.250000 0.419993 5.749734 0.000000 -0.026657 -0.999645 1.000000 -0.000000 0.000000
-1.250000 0.419993 5.749734 0.000000 -0.026657 -0.999645 1.000000 -0.000000 0.000000
-1.250000 0.419993 5.749734 0.000000 -0.026657 -0.999645 1.000000 -0.000000 0.000000
-1.250000 0.419993 5.749734 0.000000 -0.026657 -0.999645 1.000000 -0.000000 0.000000
-1.250000 0.419993 5.749734 0.000000 -0.026657 -0.999645 1.000000 -0.000000 0.000000
-1.250000 0.419993 5.749734 0.000000 -0.026657 -0.999645 1.000000 -0.000000 0.000000
-1.250000 0.419993 5.749734 0.000000 -0.026657 -0.999645 1.000000 -0.000000 0.000000
-1.250000 0.419993 5.749734 0.000000 -0.026657 -0.999645 1.000000 -0.000000 0.000000
-1.000000 0.419993 5.749734 0.000000 -0.026657 -0.999645 1.000000 -0.000000 0.000000
-0.750000 0.419993 5.749734 0.000000 -0.026657 -0.999645 1.000000 -0.000000 0.000000
-0.500000 0.419993 5.749734 0.000000 -0.026657 -0.999645 1.000000 -0.000000 0.000000
-0.250000 0.419993 5.749734 0.000000 -0.026657 -0.999645 1.000000 -0.000000 0.000000
0.000000 0.419993 5.749734 0.000000 -0.026657 -0.999645 1.000000 -0.000000 0.000000
0.250000 0.419993 5.749734 0.000000 -0.026657 -0.999645 1.000000 -0.000000 0.000000
0.500000 0.419993 5.749734 0.000000 -0.026657 -0.999645 1.000000 -0.000000 0.000000
0.750000 0.419993 5.749734 0.000000 -0.026657 -0.999645 1.000000 -0.000000 0.000000
1.000000 0.413329 5.499823 0.000000 -0.026657 -0.999645 1.000000 -0.000000 0.000000
1.000000 0.406664 5.249911 0.000000 -0.026657 -0.999645 1.000000 -0.000000 0.000000
1.000000 0.400000 5.000000 0.000000 -0.026657 -0.999645 1.000000 -0.000000 0.000000
1.000000 0.393336 4.750089 0.000000 -0.026657 -0.999645 1.000000 -0.000000 0.000000
1.000000 0.386671 4.500177 0.000000 -0.026657 -0.999645 1.000000 -0.000000 0.000000
1.000000 0.380007 4.250266 0.000000 -0.026657 -0.999645 1.000000 -0.000000 0.000000
1.000000 0.373343 4.000355 0.000000 -0.026657 -0.999645 1.000000 -0.000000 0.000000
1.000000 0.366678 3.750444 0.000000 -0.026657 -0.999645 1.000000 -0.000000 0.000000
1.000000 0.360014 3.500533 0.000000 -0.026657 -0.999645 1.000000 -0.000000 0.000000
1.000000 0.353350 3.250622 0.000000 -0.026657 -0.999645 1.000000 -0.000000 0.000000
0.750000 0.353350 3.250622 0.000000 -0.026657 -0.999645 1.000000 -0.000000 0.000000
0.500000 0.353350 3.250622 0.000000 -0.026657 -0.999645 1.000000 -0.000000 0.000000
0.250000 0.353350 3.250622 0.000000 -0.026657 -0.999645 1.000000 -0.000000 0.000000
0.000000 0.353350 3.250622 0.000000 -0.026657 -0.999645 1.000000 -0.000000 0.000000
-0.250000 0.353350 3.250622 0.000000 -0.026657 -0.999645 1.000000 -0.000000 0.000000
-0.500000 0.353350 3.250622 0.000000 -0.026657 -0.999645 1.000000 -0.000000 0.000000
-0.750000 0.353350 3.250622 0.000000 -0.026657 -0.999645 1.000000 -0.000000 0.000000
-1.000000 0.353350 3.250622 0.000000 -0.026657 -0.999645 1.000000 -0.000000 0.000000
-1.250000 0.353350 3.250622 0.000000 -0.026657 -0.999645 1.000000 -0.000000 0.000000
-1.250000 0.353350 3.250622 0.000000 -0.026657 -0.999645 1.000000 -0.000000 0.000000
-1.250000 0.360014 3.500533 0.000000 -0.026657 -0.999645 1.000000 -0.000000 0.000000
-1.250000 0.366678 3.750444 0.000000 -0.026657 -0.999645 1.000000 -0.000000 0.000000
-1.250000 0.373343 4.000355 0.000000 -0.026657 -0.999645 1.000000 -0.000000 0.000000
-1.000000 0.380007 4.250266 0.000000 -0.026657 -0.999645 1.000000 -0.000000 0.000000
-0.750000 0.380007 4.250266 0.000000 -0.026657 -0.999645 1.000000 -0.000000 0.000000
-0.500000 0.380007 4.250266 0.000000 -0.026657 -0.999645 1.000000 -0.000000 0.000000
-0.250000 0.380007 4.250266 0.000000 -0.026657 -0.999645 1.000000 -0.000000 0.000000
0.000000 0.380007 4.250266 0.000000 -0.026657 -0.999645 1.000000 -0.000000 0.000000
0.250000 0.380007 4.250266 0.000000 -0.026657 -0.999645 1.000000 -0.000000 0.000000
0.500000 0.380007 4.250266 0.000000 -0.026657 -0.999645 1.000000 -0.000000 0.000000
0.750000 0.373343 4.000355 0.000000 -0.026657 -0.999645 1.000000 -0.000000 0.000000
1.000000 0.366678 3.750444 0.000000 -0.026657 -0.999645 1.000000 -0.000000 0.000000
1.000000 0.366678 3.750444 0.000000 -0.026657 -0.999645 1.000000 -0.000000 0.000000
1.000000 0.366678 3.750444 0.000000 -0.026657 -0.999645 1.000000 -0.000000 0.000000
1.000000 0.366678 3.750444 0.000000 -0.026657 -0.999645 1.000000 -0.000000 0.000000
1.000000 0.366678 3.750444 0.000000 -0.026657 -0.999645 1.000000 -0.000000 0.000000
1.000000 0.366678 3.750444 0.000000 -0.026657 -0.999645 1.000000 -0.000000 0.000000
1.000000 0.366678 3.750444 0.000000 -0.026657 -0.999645 1.000000 -0.000000 0.000000
1.000000 0.366678 3.750444 0.000000 -0.026657 -0.999645 1.000000 -0.000000 0.000000
1.000000 0.366678 3.750444 0.000000 -0.026657 -0.999645 1.000000 -0.000000 0.000000
1.000000 0.366678 3.750444 0.000000 -0.026657 -0.999645 1.000000 -0.000000 0.000000
1.000000 0.366678 3.750444 0.000000 -0.026657 -0.999645 1.000000 -0.000000 0.000000
1.000000 0.366678 3.750444 0.000000 -0.026657 -0.999645 1.000000 -0.000000 0.000000
1.000000 0.366678 3.750444 0.000000 -0.026657 -0.999645 1.000000 -0.000000 0.000000
1.000000 0.366678 3.750444 0.000000 -0.026657 -0.999645 1.000000 -0.000000 0.000000
1.000000 0.366678 3.750444 0.000000 -0.026657 -0.999645 1.000000 -0.000000 0.000000
1.000000 0.366678 3.750444 0.000000 -0.026657 -0.999645 1.000000 -0.000000 0.000000
1.000000 0.366678 3.750444 0.000000 -0.026657 -0.999645 1.000000 -0.000000 0.000000
1.000000 0.366678 3.750444 0.000000 -0.026657 -0.999645 1.000000 -0.000000 0.000000
1.000000 0.366678 3.750444 0.000000 -0.026657 -0.999645 1.000000 -0.000000 0.000000
1.000000 0.366678 3.750444 0.000000 -0.026657 -0.999645 1.000000 -0.000000 0.000000
1.000000 0.366678 3.750444 0.000000 -0.026657 -0.999645 1.000000 -0.000000 0.000000
1.000000 0.366678 3.750444 0.000000 -0.026657 -0.999645 1.000000 -0.000000 0.000000
1.000000 0.366678 3.750444 0.000000 -0.026657 -0.999645 1.000000 -0.000000 0.000000
1.000000 0.366678 3.750444 0.000000 -0.026657 -0.999645 1.000000 -0.000000 0.000000
1.000000 0.366678 3.750444 0.000000 -0.026657 -0.999645 1.000000 -0.000000 0.000000
1.000000 0.366678 3.750444 0.000000 -0.026657 -0.999645 1.000000 -0.000000 0.000000
1.000000 0.366678 3.750444 0.000000 -0.026657 -0.999645 1.000000 -0.000000 0.000000
1.000000 0.366678 3.750444 0.000000 -0.026657 -0.999645 1.000000 -0.000000 0.000000
1.000000 0.366678 3.750444 0.000000 -0.026657 -0.999645 1.000000 -0.000000 0.000000
1.000000 0.366678 3.750444 0.000000 -0.026657 -0.999645 1.000000 -0.000000 0.000000
1.000000 0.366678 3.750444 0.000000 -0.026657 -0.999645 1.000000 -0.000000 0.000000
1.000000 0.366678 3.750444 0.000000 -0.026657 -0.999645 1.000000 -0.000000 0.000000
1.000000 0.366678 3.750444 0.000000 -0.026657 -0.999645 1.000000 -0.000000 0.000000
1.000000 0.366678 3.750444 0.000000 -0.026657 -0.999645 1.000000 -0.000000 0.000000
1.000000 0.366678 3.750444 0.000000 -0.026657 -0.999645 1.000000 -0.000000 0.000000
1.000000 0.366678 3.750444 0.000000 -0.026657 -0.999645 1.000000 -0.000000 0.000000
1.000000 0.373343 4.000355 0.000000 -0.026657 -0.999645 1.000000 -0.000000 0.000000
1.000000 0.380007 4.250266 0.000000 -0.026657 -0.999645 1.000000 -0.000000 0.000000
1.000000 0.386671 4.500177 0.000000 -0.026657 -0.999645 1.000000 -0.000000 0.000000
1.000000 0.393336 4.750089 0.000000 -0.026657 -0.999645 1.000000 -0.000000 0.000000
1.000000 0.400000 5.000000 0.000000 -0.026657 -0.999645 1.000000 -0.000000 0.000000
1.000000 0.400000 5.000000 0.000000 -0.026657 -0.999645 1.000000 -0.000000 0.000000
1.000000 0.400000 5.000000 0.000000 -0.026657 -0.999645 1.000000 -0.000000 0.000000
1.000000 0.400000 5.000000 0.000000 -0.026657 -0.999645 1.000000 -0.000000 0.000000
1.000000 0.400000 5.000000 0.000000 -0.026657 -0.999645 1.000000 -0.000000 0.000000
1.000000 0.400000 5.000000 0.000000 -0.026657 -0.999645 1.000000 -0.000000 0.000000
1.000000 0.400000 5.000000 0.000000 -0.026657 -0.999645 1.000000 -0.000000 0.000000
1.000000 0.400000 5.000000 0.000000 -0.026657 -0.999645 1.000000 -0.000000 0.000000
1.000000 0.400000 5.000000 0.000000 -0.026657 -0.999645 1.000000 -0.000000 0.000000
1.000000 0.400000 5.000000 0.000000 -0.026657 -0.999645 1.000000 -0.000000 0.000000
1.000000 0.400000 5.000000 0.000000 -0.026657 -0.999645 1.000000 -0.000000 0.000000
1.000000 0.400000 5.000000 0.000000 -0.026657 -0.999645 1.000000 -0.000000 0.000000
1.000000 0.400000 5.000000 0.000000 -0.026657 -0.999645 1.000000 -0.000000 0.000000
1.000000 0.400000 5.000000 0.000000 -0.026657 -0.999645 1.000000 -0.000000 0.000000
1.000000 0.400000 5.000000 0.707107 0.000000 -0.707107 0.707107 -0.000000 0.707107
1.000000 0.400000 5.000000 0.645265 0.024432 -0.763568 0.763796 -0.000000 0.645458
1.000000 0.400000 5.000000 0.601448 0.034899 -0.798149 0.798636 -0.000000 0.601815
1.000000 0.400000 5.000000 0.567346 0.041876 -0.822414 0.823136 -0.000000 0.567844
1.000000 0.400000 5.000000 0.538298 0.041876 -0.841714 0.842452 -0.000000 0.538771
1.000000 0.400000 5.000000 0.502579 0.041876 -0.863517 0.864275 -0.000000 0.503020
1.000000 0.400000 5.000000 0.484384 0.041876 -0.873853 0.874620 -0.000000 0.484810
1.000000 0.400000 5.000000 0.478339 0.038388 -0.877336 0.877983 -0.000000 0.478692
1.000000 0.400000 5.000000 0.466156 0.031411 -0.884145 0.884581 -0.000000 0.466387
1.000000 0.400000 5.000000 0.419360 0.020942 -0.907578 0.907777 -0.000000 0.419452
1.000000 0.400000 5.000000 0.345279 0.010472 -0.938442 0.938493 -0.000000 0.345298
1.000000 0.400000 5.000000 0.278989 0.003491 -0.960288 0.960294 -0.000000 0.278991
1.000000 0.400000 5.000000 0.224950 0.003491 -0.974364 0.974370 -0.000000 0.224951
1.000000 0.400000 5.000000 0.180518 0.003491 -0.983565 0.983572 -0.000000 0.180519
1.000000 0.400000 5.000000 0.142628 0.003491 -0.989770 0.989776 -0.000000 0.142629
1.000000 0.400000 5.000000 0.111463 0.010472 -0.993713 0.993768 -0.000000 0.111469
1.000000 0.400000 5.000000 0.059303 0.010472 -0.998185 0.998240 -0.000000 0.059307
1.000000 0.400000 5.000000 0.020942 0.010472 -0.999726 0.999781 -0.000000 0.020943
1.000000 0.400000 5.000000 -0.027913 0.024432 -0.999312 0.999610 0.000000 -0.027921
1.000000 0.400000 5.000000 -0.059270 0.034899 -0.997632 0.998240 0.000000 -0.059306
1.000000 0.400000 5.000000 -0.094025 0.041876 -0.994689 0.995562 0.000000 -0.094108
1.000000 0.400000 5.000000 -0.132050 0.055822 -0.989670 0.991216 0.000000 -0.132256
1.000000 0.400000 5.000000 -0.166362 0.069756 -0.983594 0.985996 0.000000 -0.166768
1.000000 0.400000 5.000000 -0.197126 0.073238 -0.977639 0.980271 0.000000 -0.197657
1.000000 0.400000 5.000000 -0.217557 0.073238 -0.973296 0.975917 0.000000 -0.218143
1.000000 0.400000 5.000000 -0.241272 0.073238 -0.967690 0.970296 0.000000 -0.241922
1.000000 0.400000 5.000000 -0.268197 0.073238 -0.960576 0.963163 0.000000 -0.268919
1.000000 0.400000 5.000000 -0.281583 0.073238 -0.956738 0.959314 0.000000 -0.282341
1.000000 0.400000 5.000000 -0.308187 0.073238 -0.948503 0.951057 0.000000 -0.309017
1.000000 0.400000 5.000000 -0.341187 0.069756 -0.937404 0.939693 0.000000 -0.342020
1.000000 0.400000 5.000000 -0.360829 0.066274 -0.930274 0.932324 0.000000 -0.361624
1.000000 0.400000 5.000000 -0.377095 0.062791 -0.924044 0.925871 0.000000 -0.377840
1.000000 0.400000 5.000000 -0.418713 0.059306 -0.906180 0.907778 0.000000 -0.419452
1.000000 0.400000 5.000000 -0.447145 0.052336 -0.892929 0.894154 0.000000 -0.447759
1.000000 0.400000 5.000000 -0.469059 0.041876 -0.882173 0.882948 0.000000 -0.469471
1.000000 0.400000 5.000000 -0.487500 0.038388 -0.872279 0.872922 0.000000 -0.487859
1.000000 0.400000 5.000000 -0.511790 0.031411 -0.858536 0.858960 0.000000 -0.512042
1.000000 0.400000 5.000000 -0.538560 0.027922 -0.842124 0.842453 0.000000 -0.538770
1.000000 0.400000 5.000000 -0.561960 0.020942 -0.826899 0.827081 0.000000 -0.562083
1.000000 0.400000 5.000000 -0.573450 0.020942 -0.818973 0.819152 0.000000 -0.573576
1.000000 0.400000 5.000000 -0.596094 0.020942 -0.802642 0.802818 0.000000 -0.596224
1.000000 0.400000 5.000000 -0.618273 0.020942 -0.785685 0.785857 0.000000 -0.618408
1.000000 0.400000 5.000000 -0.655863 0.024432 -0.754485 0.754710 0.000000 -0.656059
1.000000 0.400000 5.000000 -0.681583 0.034899 -0.730908 0.731354 0.000000 -0.681998
1.000000 0.400000 5.000000 -0.699147 0.038388 -0.713946 0.714473 0.000000 -0.699663
1.000000 0.400000 5.000000 -0.711401 0.041876 -0.701537 0.702153 0.000000 -0.712026
1.000000 0.400000 5.000000 -0.713846 0.041876 -0.699050 0.699664 0.000000 -0.714472
1.000000 0.400000 5.000000 -0.708948 0.041876 -0.704017 0.704635 0.000000 -0.709570
1.000000 0.400000 5.000000 -0.668723 0.034899 -0.742692 0.743145 0.000000 -0.669130
1.000000 0.400000 5.000000 -0.639860 0.027922 -0.767984 0.768284 0.000000 -0.640110
1.000000 0.400000 5.000000 -0.629075 0.027922 -0.776843 0.777146 0.000000 -0.629320
1.000000 0.400000 5.000000 -0.601580 0.027922 -0.798324 0.798636 0.000000 -0.601815
1.000000 0.400000 5.000000 -0.570588 0.020942 -0.820969 0.821149 0.000000 -0.570713
1.000000 0.400000 5.000000 -0.535745 0.017452 -0.844199 0.844328 0.000000 -0.535827
1.000000 0.400000 5.000000 -0.508992 0.013962 -0.860658 0.860742 0.000000 -0.509041
1.000000 0.400000 5.000000 -0.490856 0.013962 -0.871129 0.871214 0.000000 -0.490904
1.000000 0.400000 5.000000 -0.472539 0.006981 -0.881282 0.881303 0.000000 -0.472551
1.000000 0.400000 5.000000 -0.463285 0.006981 -0.886182 0.886204 0.000000 -0.463296
1.000000 0.400000 5.000000 -0.428932 0.003491 -0.903330 0.903335 0.000000 -0.428935
1.000000 0.400000 5.000000 -0.400349 -0.000000 -0.916363 0.916363 0.000000 -0.400349
1.000000 0.400000 5.000000 -0.384293 -0.003491 -0.923205 0.923210 0.000000 -0.384295
1.000000 0.400000 5.000000 -0.358348 -0.010472 -0.933529 0.933580 0.000000 -0.358368
1.000000 0.400000 5.000000 -0.328849 -0.010472 -0.944325 0.944376 0.000000 -0.328867
1.000000 0.400000 5.000000 -0.292327 -0.017452 -0.956159 0.956305 0.000000 -0.292372
1.000000 0.400000 5.000000 -0.258742 -0.024432 -0.965638 0.965926 0.000000 -0.258819
1.000000 0.400000 5.000000 -0.241828 -0.027922 -0.969917 0.970296 0.000000 -0.241922
1.000000 0.400000 5.000000 -0.218058 -0.027922 -0.975536 0.975917 0.000000 -0.218143
1.000000 0.400000 5.000000 -0.190735 -0.027922 -0.981244 0.981627 0.000000 -0.190809
1.000000 0.400000 5.000000 -0.173581 -0.027922 -0.984424 0.984808 0.000000 -0.173648
1.000000 0.400000 5.000000 -0.163262 -0.027922 -0.986188 0.986572 0.000000 -0.163326
1.000000 0.400000 5.000000 -0.156373 -0.027922 -0.987303 0.987688 0.000000 -0.156434
1.000000 0.400000 5.000000 -0.139119 -0.027922 -0.989882 0.990268 0.000000 -0.139173
1.000000 0.400000 5.000000 -0.132205 -0.027922 -0.990829 0.991216 0.000000 -0.132256
1.000000 0.400000 5.000000 -0.121833 -0.024432 -0.992250 0.992546 0.000000 -0.121869
1.000000 0.400000 5.000000 -0.118386 -0.017452 -0.992814 0.992966 0.000000 -0.118404
1.000000 0.400000 5.000000 -0.118401 -0.006981 -0.992941 0.992966 0.000000 -0.118404
1.000000 0.400000 5.000000 -0.118404 -0.000000 -0.992966 0.992966 0.000000 -0.118404
1.000000 0.400000 5.000000 -0.118401 0.006981 -0.992941 0.992966 0.000000 -0.118404
1.000000 0.400000 5.000000 -0.107989 0.013962 -0.994054 0.994151 0.000000 -0.107999
1.000000 0.400000 5.000000 -0.062752 0.034899 -0.997419 0.998027 0.000000 -0.062791
1.000000 0.400000 5.000000 -0.052297 0.038388 -0.997894 0.998630 0.000000 -0.052336
1.000000 0.400000 5.000000 -0.038354 0.041876 -0.998386 0.999263 0.000000 -0.038388
1.000000 0.400000 5.000000 -0.031383 0.041876 -0.998630 0.999507 0.000000 -0.031411
1.000000 0.400000 5.000000 -0.017432 0.048850 -0.998654 0.999848 0.000000 -0.017452
1.000000 0.400000 5.000000 0.003485 0.055822 -0.998435 0.999994 -0.000000 0.003491
1.000000 0.400000 5.000000 0.017425 0.055822 -0.998289 0.999848 -0.000000 0.017452
1.000000 0.400000 5.000000 0.017425 0.055822 -0.998289 0.999848 -0.000000 0.017452
1.000000 0.400000 5.000000 0.013940 0.055822 -0.998343 0.999903 -0.000000 0.013962
1.000000 0.400000 5.000000 -0.017425 0.055822 -0.998289 0.999848 0.000000 -0.017452
1.000000 0.400000 5.000000 -0.059202 0.059306 -0.996483 0.998240 0.000000 -0.059306
1.000000 0.400000 5.000000 -0.076584 0.059306 -0.995298 0.997053 0.000000 -0.076719
1.000000 0.400000 5.000000 -0.114735 0.059306 -0.991624 0.993373 0.000000 -0.114937
1.000000 0.400000 5.000000 -0.156273 0.045363 -0.986672 0.987688 0.000000 -0.156434
1.000000 0.400000 5.000000 -0.180361 0.041876 -0.982709 0.983571 0.000000 -0.180519
1.000000 0.400000 5.000000 -0.197484 0.041876 -0.979411 0.980271 0.000000 -0.197657
1.000000 0.400000 5.000000 -0.214577 0.038388 -0.975952 0.976672 0.000000 -0.214735
1.000000 0.400000 5.000000 -0.224785 0.038388 -0.973652 0.974370 0.000000 -0.224951
1.000000 0.400000 5.000000 -0.231577 0.038388 -0.972059 0.972776 0.000000 -0.231748
1.000000 0.400000 5.000000 -0.245126 0.038388 -0.968731 0.969446 0.000000 -0.245307
1.000000 0.400000 5.000000 -0.245126 0.038388 -0.968731 0.969446 0.000000 -0.245307
1.000000 0.400000 5.000000 -0.245126 0.038388 -0.968731 0.969446 0.000000 -0.245307
1.000000 0.400000 5.000000 -0.241673 0.045363 -0.969297 0.970296 0.000000 -0.241922
1.000000 0.400000 5.000000 -0.238249 0.048850 -0.969975 0.971134 0.000000 -0.238533
1.000000 0.400000 5.000000 -0.234775 0.055822 -0.970446 0.971961 0.000000 -0.235142
1.000000 0.400000 5.000000 -0.234775 0.055822 -0.970446 0.971961 0.000000 -0.235142
1.000000 0.400000 5.000000 -0.234775 0.055822 -0.970446 0.971961 0.000000 -0.235142
1.000000 0.400000 5.000000 -0.227949 0.059306 -0.971865 0.973579 0.000000 -0.228351
1.000000 0.400000 5.000000 -0.227949 0.059306 -0.971865 0.973579 0.000000 -0.228351
1.000000 0.400000 5.000000 -0.227949 0.059306 -0.971865 0.973579 0.000000 -0.228351
1.000000 0.400000 5.000000 -0.227949 0.059306 -0.971865 0.973579 0.000000 -0.228351
1.000000 0.400000 5.000000 -0.227949 0.059306 -0.971865 0.973579 0.000000 -0.228351
1.000000 0.400000 5.000000 -0.227949 0.059306 -0.971865 0.973579 0.000000 -0.228351
1.000000 0.400000 5.000000 -0.227949 0.059306 -0.971865 0.973579 0.000000 -0.228351
1.000000 0.400000 5.000000 -0.227949 0.059306 -0.971865 0.973579 0.000000 -0.228351
1.000000 0.400000 5.000000 -0.227949 0.059306 -0.971865 0.973579 0.000000 -0.228351
1.000000 0.400000 5.000000 -0.227949 0.059306 -0.971865 0.973579 0.000000 -0.228351
1.000000 0.400000 5.000000 -0.227949 0.059306 -0.971865 0.973579 0.000000 -0.228351
1.000000 0.400000 5.000000 -0.227949 0.059306 -0.971865 0.973579 0.000000 -0.228351
1.000000 0.400000 5.000000 -0.227949 0.059306 -0.971865 0.973579 0.000000 -0.228351
1.000000 0.400000 5.000000 -0.227949 0.059306 -0.971865 0.973579 0.000000 -0.228351
1.000000 0.400000 5.000000 -0.227949 0.059306 -0.971865 0.973579 0.000000 -0.228351
1.000000 0.400000 5.000000 -0.227949 0.059306 -0.971865 0.973579 0.000000 -0.228351
1.000000 0.400000 5.000000 -0.227949 0.059306 -0.971865 0.973579 0.000000 -0.228351
1.000000 0.400000 5.000000 -0.227949 0.059306 -0.971865 0.973579 0.000000 -0.228351
1.000000 0.400000 5.000000 -0.227949 0.059306 -0.971865 0.973579 0.000000 -0.228351
1.000000 0.400000 5.000000 -0.227949 0.059306 -0.971865 0.973579 0.000000 -0.228351
1.000000 0.400000 5.000000 -0.227949 0.059306 -0.971865 0.973579 0.000000 -0.228351
